   0.0    0.0    0.0    0.0    0.0    0.0    0.0    0.0    0.0
   0.0   46.2   80.2  100.6  107.4  100.6   80.2   46.2    0.0
   0.0   80.2  139.2  174.6  186.4  174.6  139.2   80.2    0.0
   0.0  100.6  174.6  219.0  233.8  219.0  174.6  100.6    0.0
   0.0  107.4  186.4  233.8  249.6  233.8  186.4  107.4    0.0
   0.0  100.6  174.6  219.0  233.8  219.0  174.6  100.6    0.0
   0.0   80.2  139.2  174.6  186.4  174.6  139.2   80.2    0.0
   0.0   46.2   80.2  100.6  107.4  100.6   80.2   46.2    0.0
   0.0    0.0    0.0    0.0    0.0    0.0    0.0    0.0    0.0
