   0.0    0.0    0.0    0.0    0.0    0.0    0.0    0.0    0.0
   0.0   49.0   84.0  105.0  112.0  105.0   84.0   49.0    0.0
   0.0   84.0  144.0  180.0  192.0  180.0  144.0   84.0    0.0
   0.0  105.0  180.0  225.0  240.0  225.0  180.0  105.0    0.0
   0.0  112.0  192.0  240.0  256.0  240.0  192.0  112.0    0.0
   0.0  105.0  180.0  225.0  240.0  225.0  180.0  105.0    0.0
   0.0   84.0  144.0  180.0  192.0  180.0  144.0   84.0    0.0
   0.0   49.0   84.0  105.0  112.0  105.0   84.0   49.0    0.0
   0.0    0.0    0.0    0.0    0.0    0.0    0.0    0.0    0.0
